visualization/data/ascii_10km.asc
ncols         590
nrows         250
xllcorner     -124.769
yllcorner     24.907
cellsize      0.098
NODATA_value  -9999
[rows 54 to 80 of 250, columns 488 to 548 of 590]
-9999 -9999 -9999 -9999 -9999 -9999 0.2557917 0.2060769 0.2497229 0.2968353 0.2645294 0.2429767 0.2511647 0.2657442 0.2641882 0.2551294 0.2486235 0.241954 0.2183571 0.2037442 0.1949881 0.1926207 0.1893059 0.2267356 0.22325 0.2312235 0.2274444 0.2150116 0.1979405 0.2125349 0.2201395 0.2110353 0.2377326 0.2742262 0.2578605 0.2944524 0.2737955 0.2641071 0.250093 0.2441059 0.2346941 0.2396279 0.2409762 0.2417586 0.2376667 0.2381724 0.2353095 0.2363488 0.2354419 0.2319059 0.2372209 0.2287711 0.2112093 0.2245647 0.2177765 0.2269529 0.2278256 0.2340357 0.2487976 0.2346092 0.2412118
-9999 -9999 -9999 -9999 -9999 -9999 -9999 -9999 0.2717143 0.2516353 0.2228605 0.2255862 0.2403412 0.2474118 0.2284535 0.2182024 0.2373256 0.2211529 0.2048023 0.2171429 0.2025862 0.2235176 0.2266207 0.2207738 0.2046477 0.2119277 0.1948315 0.224012 0.2344204 0.2420714 0.2326667 0.2301667 0.2635455 0.2685663 0.2675 0.288631 0.2941954 0.3069639 0.3179663 0.2545783 0.218069 0.2326548 0.236092 0.2386071 0.2399425 0.2436786 0.2380116 0.2418214 0.2390233 0.2434419 0.2388353 0.2346047 0.2128837 0.2405814 0.2269294 0.205908 0.2060353 0.2337356 0.2448372 0.2457765 0.2403765
-9999 -9999 -9999 -9999 -9999 -9999 -9999 0.25678 0.2513372 0.2287059 0.2164598 0.2173095 0.2112299 0.2290588 0.2244 0.2204483 0.2483059 0.2370353 0.2201954 0.2295595 0.2200118 0.2145349 0.2034353 0.1848864 0.1963976 0.2056517 0.2128214 0.2365172 0.2349767 0.2303529 0.2320682 0.2380595 0.2566667 0.2676988 0.2720575 0.2724524 0.247908 0.2918214 0.3013256 0.2744643 0.2346552 0.2346588 0.2410465 0.2323412 0.2409419 0.2421395 0.2442118 0.2580233 0.2534524 0.2409425 0.2346471 0.2386744 0.2245357 0.2455233 0.2466744 0.2263882 0.2365529 0.2289767 0.2246071 0.2395116 0.2445349
-9999 -9999 -9999 -9999 -9999 -9999 -9999 0.248661 0.233093 0.2282024 0.2327126 0.2194823 0.1954767 0.2175765 0.227023 0.2223059 0.241407 0.2421034 0.2209286 0.2244382 0.218241 0.2071047 0.1934713 0.1965595 0.1948315 0.2319167 0.2183678 0.2286207 0.2325595 0.2340341 0.2497381 0.2716322 0.2779651 0.2867952 0.2733977 0.2538571 0.2690805 0.3079882 0.2844713 0.2732209 0.242 0.2363636 0.2333494 0.2323295 0.2373882 0.2374768 0.2399425 0.2603765 0.2614886 0.2411071 0.2373721 0.2356824 0.2425287 0.2542 0.2424884 0.2444713 0.2587558 0.2390698 0.2361529 0.2208953 0.2306628
-9999 -9999 -9999 -9999 -9999 -9999 -9999 0.2329722 0.221369 0.2341609 0.1998256 0.2192471 0.2295814 0.2255698 0.2174535 0.2245581 0.2408488 0.2499412 0.2196322 0.2292471 0.2238409 0.2213614 0.2066471 0.1799101 0.2133333 0.2135977 0.2174828 0.2264643 0.2234886 0.2296092 0.2807738 0.2883219 0.2778214 0.2802874 0.282931 0.2813452 0.261977 0.2770114 0.2730241 0.2630114 0.2465833 0.2262093 0.2309432 0.2414881 0.2463333 0.2394118 0.249686 0.2520814 0.2861294 0.2595747 0.2442471 0.2389425 0.2523721 0.2423765 0.2534767 0.2606823 0.2674713 0.2616071 0.2755058 0.2550232 0.2325465
-9999 -9999 -9999 -9999 -9999 -9999 0.2267143 0.1789615 0.1427093 0.2474186 0.2365116 0.2434253 0.2169884 0.2167326 0.1865814 0.1986744 0.2316163 0.2373294 0.222 0.2294535 0.2273023 0.2353333 0.2253095 0.2127857 0.1900909 0.2197326 0.2136941 0.2082159 0.218023 0.2243214 0.2467701 0.2736471 0.2875294 0.2784253 0.2644773 0.2587229 0.2551839 0.2851379 0.2725119 0.248977 0.231125 0.2275833 0.2194651 0.2300814 0.2283372 0.2635632 0.2560824 0.2874828 0.2827412 0.2638837 0.2766782 0.2529882 0.2386512 0.2547816 0.2747882 0.2803605 0.2951512 0.2580233 0.2239412 0.2526628 0.2627326
-9999 -9999 -9999 0.163 0.1972 0.2125206 0.2131136 0.2248118 0.2343256 0.2396092 0.2292674 0.238907 0.2377059 0.2312299 0.2154824 0.2253721 0.2297127 0.221186 0.2388235 0.2382069 0.2345747 0.2270116 0.2283103 0.2139884 0.2274217 0.2263882 0.2192159 0.2293605 0.2221548 0.2297674 0.2482 0.2982209 0.2983837 0.2512273 0.2806322 0.2710357 0.2870345 0.2502727 0.2420602 0.24625 0.2473333 0.2570595 0.2234545 0.2375116 0.2461395 0.2711628 0.2548023 0.2564884 0.2464302 0.2566163 0.2328023 0.2528954 0.2342558 0.2304535 0.2508276 0.2726667 0.263593 0.2679302 0.2578506 0.2509529 0.2273409
-9999 0.167 0.1826471 0.1684416 0.2049425 0.1964368 0.2416941 0.2283882 0.2189091 0.2104353 0.2392299 0.2466744 0.2411977 0.2518837 0.2452614 0.2478488 0.2492442 0.2431379 0.2412209 0.2327442 0.2394598 0.2361839 0.2297442 0.2316512 0.2310341 0.2314824 0.2260357 0.2563976 0.2314828 0.2362674 0.2704368 0.285953 0.2797273 0.2677127 0.2907059 0.2605647 0.2496136 0.2466667 0.280369 0.2683678 0.2555402 0.2081818 0.2176747 0.2542386 0.2670345 0.2473294 0.2341046 0.2494253 0.2434253 0.2313563 0.2253605 0.2337093 0.2411609 0.2392674 0.2347931 0.2378823 0.2396823 0.2333218 0.246907 0.2347907 0.2797558
0.1909167 0.1903421 0.2024598 0.198814 0.232186 0.2386163 0.2372046 0.2423448 0.2389884 0.2327907 0.2248295 0.229 0.2267586 0.2311647 0.2486047 0.2475977 0.2545172 0.2707209 0.2576437 0.2384118 0.2402 0.2340909 0.2382414 0.2376782 0.2342 0.2431932 0.2344535 0.2655506 0.2716977 0.2680582 0.2860349 0.278375 0.2574828 0.2527816 0.2406386 0.2454545 0.2746667 0.264 0.2697108 0.2557046 0.2307931 0.2317816 0.2325517 0.2444048 0.2653908 0.2434773 0.2365517 0.2363294 0.2466322 0.2337356 0.2642907 0.2512907 0.2418621 0.2272326 0.2182326 0.2341023 0.2501136 0.2698605 0.2738605 0.2505233 0.2092045
0.2111279 0.2361932 0.2023721 0.236093 0.2367816 0.2075172 0.2298256 0.2866046 0.259046 0.2542874 0.2568372 0.2466552 0.238023 0.247686 0.2571609 0.2741724 0.2433837 0.2686744 0.2632184 0.2614713 0.2450581 0.2404651 0.2355227 0.2439535 0.2454719 0.2364651 0.2349773 0.2451765 0.2616207 0.2604598 0.2416477 0.280931 0.2665862 0.2742857 0.2928046 0.2647012 0.2463977 0.2745517 0.2475977 0.2643571 0.2220115 0.2382841 0.2292414 0.2333908 0.2390952 0.2291379 0.2492989 0.2806207 0.2951628 0.2494235 0.2597241 0.2407841 0.2158353 0.2195455 0.2258256 0.1923372 0.2193139 0.2440805 0.2469651 0.2143977 0.173907
0.2280814 0.2468506 0.2330581 0.2438506 0.2535 0.251686 0.251092 0.232 0.234686 0.2322442 0.2488953 0.2400919 0.2425977 0.2540455 0.2736 0.2784483 0.2511839 0.2588953 0.2802989 0.2505795 0.2511149 0.256447 0.2841628 0.2461477 0.2445765 0.2482159 0.2528046 0.2437386 0.2301609 0.2396023 0.2490805 0.2581977 0.2472093 0.2567093 0.2377241 0.243875 0.2490115 0.2735977 0.2696136 0.2663333 0.2044828 0.2198621 0.2376322 0.2400227 0.2536628 0.2474302 0.2529535 0.246023 0.246954 0.2251364 0.2458706 0.244023 0.2468276 0.2446512 0.2453218 0.2261364 0.2185232 0.2395747 0.1973605 0.1668372 0.1576591
0.2394 0.234875 0.2487012 0.2415341 0.2750235 0.249908 0.2505977 0.2384023 0.2278506 0.2286932 0.2378488 0.2658161 0.2605517 0.267 0.2631609 0.266115 0.244 0.2429318 0.2465698 0.2404828 0.2480345 0.2633977 0.2713059 0.2562988 0.2564023 0.2506591 0.2405402 0.2165517 0.2149767 0.221023 0.2296207 0.2342955 0.2540235 0.2716207 0.2587045 0.2506322 0.2472874 0.2858621 0.285 0.1968333 0.2132874 0.2069659 0.2260805 0.2297816 0.2460919 0.2361023 0.2501395 0.2598372 0.2406092 0.2245814 0.2240114 0.2392414 0.2487586 0.2561609 0.2519885 0.1813256 0.178186 0.205908 0.1786742 0.1519205 0.1685882
0.2544432 0.2482299 0.2315814 0.2258161 0.2327356 0.2322955 0.2327701 0.2267931 0.2293636 0.2334767 0.2619659 0.2551034 0.2384942 0.2504598 0.2523864 0.2495698 0.2350899 0.2471163 0.2473333 0.2401954 0.2372414 0.2498295 0.2618966 0.2543647 0.2366628 0.2403448 0.2209773 0.2212529 0.2184659 0.2304828 0.2383864 0.2460706 0.2598276 0.2568977 0.2383104 0.2342955 0.2544186 0.249977 0.2468182 0.2102892 0.2088296 0.2054253 0.2229655 0.2285517 0.2330341 0.2394535 0.2421011 0.2388851 0.2155455 0.2121149 0.2242299 0.231314 0.241908 0.2402955 0.176907 0.1615 0.1782954 0.1953218 0.1736744 0.1489651 0.1462414
0.2526092 0.2552046 0.2498471 0.227875 0.242 0.2226279 0.2187126 0.220875 0.2319765 0.2291591 0.2330349 0.228314 0.2328876 0.2450118 0.2445455 0.238375 0.2387059 0.2374432 0.2451379 0.2416512 0.237618 0.2374419 0.2366517 0.2410698 0.2305795 0.2330941 0.2374471 0.2332614 0.2367011 0.2249177 0.224186 0.2437791 0.2277416 0.2363953 0.2545843 0.2362184 0.2483333 0.2263864 0.2098736 0.1918452 0.2056047 0.2247471 0.2325568 0.2361264 0.2488391 0.2154886 0.2439419 0.2218409 0.2113793 0.2182874 0.2247586 0.2414204 0.2544091 0.2170233 0.1738523 0.1502727 0.1479885 0.1542874 0.1717586 0.1517045 0.1528736
0.2176136 0.2374253 0.2525747 0.2217701 0.2212727 0.2213068 0.2154023 0.2221494 0.241125 0.247069 0.2299205 0.2187386 0.2243563 0.2288966 0.2801704 0.2393448 0.2430227 0.2364302 0.2424432 0.2433182 0.2420465 0.238618 0.2295465 0.2245843 0.2374535 0.2281573 0.2300814 0.2317442 0.2330119 0.2331011 0.2398721 0.2313034 0.2240698 0.2124494 0.221593 0.2193448 0.2333333 0.2256364 0.2272841 0.2233889 0.2284253 0.2320345 0.2312529 0.2581149 0.233092 0.2287356 0.2485455 0.2444483 0.2436279 0.234 0.2505172 0.2571861 0.2453218 0.2084432 0.1664773 0.1442791 0.1394138 0.1401494 0.1579432 0.1575402 0.1620341
0.2216818 0.2193409 0.2399767 0.2527159 0.2316932 0.2312759 0.2190455 0.2274091 0.253931 0.2262874 0.2271364 0.2281477 0.2350581 0.2319432 0.2532209 0.2360449 0.2425517 0.2396477 0.2399545 0.2389318 0.2450116 0.2400115 0.2383258 0.2282184 0.2260568 0.2269655 0.2300889 0.2347816 0.2362697 0.2327558 0.2183595 0.2283488 0.2185843 0.202593 0.2210682 0.236186 0.2498523 0.2321494 0.2366552 0.2232022 0.2243444 0.2405232 0.2516966 0.2475814 0.2697386 0.2999432 0.2767012 0.2873103 0.265977 0.2482386 0.2856047 0.2986932 0.2577955 0.2204828 0.161908 0.150046 0.1501136 0.1427701 0.1555632 0.1664598 0.1704253
0.2181379 0.2115977 0.2163068 0.2312299 0.2284828 0.2146629 0.2140682 0.2401512 0.2289101 0.2285747 0.2349425 0.2399885 0.2369773 0.22725 0.2301477 0.2412674 0.2393295 0.2353218 0.2240568 0.2048409 0.2272841 0.2423488 0.2496782 0.2359318 0.2363146 0.2316136 0.2288851 0.2307386 0.2311264 0.2224157 0.2270455 0.2169213 0.213908 0.1991236 0.2214588 0.2272159 0.2470805 0.2388864 0.2305698 0.2229885 0.2222333 0.2307386 0.2501512 0.2608295 0.2521494 0.2658276 0.2650575 0.2835 0.2564546 0.2462069 0.2624333 0.2655747 0.2735632 0.1998736 0.1725169 0.1553563 0.1428523 0.1540909 0.1754091 0.1717955 0.1834943
0.2216818 0.2221264 0.2067816 0.2241705 0.2285955 0.2248966 0.2313678 0.2302472 0.2273448 0.2448139 0.2742555 0.2710805 0.2431364 0.241023 0.2447931 0.2372727 0.2322809 0.2170796 0.2141034 0.2178506 0.2340225 0.2329195 0.2308068 0.2202529 0.2257241 0.2260682 0.2170568 0.222573 0.234573 0.2265287 0.2242955 0.2177701 0.2116854 0.2135233 0.2191236 0.2317586 0.2356591 0.233908 0.2193793 0.2204659 0.226978 0.226907 0.2353977 0.250954 0.2362614 0.2687586 0.2882644 0.2792841 0.2492921 0.2461023 0.2591724 0.2472045 0.2517356 0.2305393 0.2083721 0.1693864 0.1618523 0.1683068 0.168977 0.1645402 0.1818767
0.2293793 0.2237955 0.221125 0.2309432 0.2227753 0.2247045 0.2380909 0.2337356 0.2464091 0.2835281 0.2750575 0.2713068 0.2410674 0.2533563 0.2686068 0.2450568 0.2347816 0.2253068 0.2315172 0.2218315 0.2353563 0.2201889 0.2115232 0.1664713 0.1839546 0.2064205 0.2137528 0.2186782 0.1975795 0.2160787 0.2110225 0.2201477 0.2109419 0.2084713 0.2253034 0.2314444 0.2426897 0.2410116 0.2247273 0.2201264 0.2333889 0.2281573 0.2355698 0.2194545 0.2181724 0.2392874 0.2619111 0.2586 0.2542791 0.247954 0.2454773 0.2627127 0.2466292 0.2597159 0.2112841 0.19625 0.1885227 0.1627471 0.1701573 0.1753182 0.2127647
0.2161573 0.2466477 0.2197356 0.2186667 0.231375 0.223954 0.2270568 0.2565682 0.2769545 0.2430345 0.2476705 0.27075 0.2356628 0.2730778 0.2702093 0.2273708 0.2094023 0.2059773 0.2241798 0.2263372 0.2277303 0.207 0.1855506 0.2230682 0.1942955 0.1943214 0.1982045 0.1847865 0.2045281 0.2130909 0.2212644 0.2114368 0.1912614 0.2271364 0.2191839 0.2219545 0.2251444 0.2286552 0.2283563 0.2195682 0.2250989 0.2314419 0.2361023 0.2523333 0.2545862 0.2781538 0.3075568 0.2359884 0.2405568 0.2351609 0.2378652 0.2324545 0.2214432 0.2394483 0.2299886 0.2087159 0.1767191 0.1751136 0.1937241 0.1832386 0.2181704
0.2298046 0.2313146 0.2072046 0.2150455 0.2259326 0.2240795 0.2362386 0.2672614 0.2423595 0.2460909 0.23725 0.2477079 0.2227386 0.2549773 0.2151818 0.2047753 0.197125 0.2100568 0.2255977 0.2331111 0.2235581 0.2273296 0.2182045 0.2140674 0.1968523 0.2136778 0.2231628 0.2252093 0.2230119 0.2164432 0.1934651 0.1763448 0.2110682 0.2424778 0.22525 0.220069 0.2251011 0.224618 0.2150455 0.2248372 0.2311136 0.2332747 0.2356279 0.2421364 0.2375568 0.2221333 0.2607093 0.2335114 0.2547978 0.2304607 0.2199767 0.2096854 0.2386322 0.216427 0.2080795 0.1979432 0.1987241 0.1901818 0.1934318 0.1912247 0.1879195
0.2195795 0.2095281 0.2091818 0.229092 0.2354222 0.238 0.2364886 0.2266818 0.2209091 0.2191461 0.2081364 0.2328427 0.2385227 0.2409195 0.2285056 0.2303864 0.2276477 0.2255909 0.2266778 0.2293333 0.2150778 0.2150575 0.2041124 0.2355341 0.235875 0.2284 0.2168977 0.2400114 0.2360659 0.2444535 0.1983258 0.2084494 0.2399438 0.2451839 0.230044 0.2271932 0.2197529 0.2173736 0.2282386 0.2223333 0.2238296 0.2292556 0.2147727 0.2175058 0.1936923 0.1603793 0.2407954 0.2598046 0.2595333 0.2434091 0.2223708 0.2160909 0.2207753 0.2052759 0.2149091 0.2025 0.2114382 0.195069 0.1855667 0.1820114 0.1821461
0.2116889 0.2186395 0.2229775 0.2335843 0.2422023 0.2237931 0.2135056 0.1925618 0.1998295 0.206875 0.1868427 0.2345581 0.2518333 0.2370114 0.2343034 0.2190682 0.2296437 0.2289667 0.2185172 0.2236292 0.228875 0.234236 0.2342069 0.2321124 0.232573 0.2357614 0.2366517 0.2555778 0.2362299 0.2219778 0.2297273 0.2374831 0.2388315 0.2265843 0.2188621 0.2170796 0.215 0.2106977 0.2220549 0.2162184 0.2542299 0.2422088 0.208977 0.21625 0.2005 0.1954318 0.2293837 0.2462198 0.2451932 0.2385172 0.2275955 0.2343595 0.2209773 0.2223068 0.2225556 0.226023 0.1961136 0.1876629 0.1854091 0.1803218 0.2250562
0.2044204 0.2377222 0.2277528 0.2158276 0.2456854 0.2365682 0.2134444 0.2110581 0.2348556 0.2224382 0.2273182 0.2469444 0.2428966 0.2471667 0.2096932 0.2128202 0.2402955 0.2335568 0.2456854 0.2380227 0.2413146 0.2467753 0.2366405 0.2374138 0.2500562 0.2559318 0.2489556 0.237125 0.2274719 0.2176404 0.2029888 0.2140112 0.2045955 0.2084719 0.2172644 0.2125056 0.2173034 0.2045393 0.2102386 0.2318202 0.253625 0.2289326 0.2263523 0.2269651 0.2161429 0.2224186 0.2288556 0.2419667 0.2112644 0.2186 0.2210909 0.2326552 0.2323595 0.2093034 0.2110805 0.2290222 0.2136724 0.2224483 0.2118652 0.2219028 0.2332759
0.2180225 0.2389775 0.2155862 0.2286067 0.2351124 0.2412614 0.239125 0.2389 0.223046 0.2317444 0.2446517 0.2452841 0.2420795 0.2437416 0.2343296 0.2257222 0.2346552 0.2340555 0.2740225 0.2917727 0.2836404 0.2946629 0.2703483 0.2671477 0.2792988 0.2561111 0.2349546 0.2437555 0.211 0.2442584 0.1979101 0.1869438 0.2103034 0.2115517 0.2183483 0.2182386 0.2176333 0.2085341 0.2183908 0.2457912 0.2417586 0.2116703 0.2305862 0.2154943 0.2401648 0.2495227 0.2343667 0.2211609 0.2213864 0.2247 0.2172529 0.2229101 0.2132444 0.2085 0.2210667 0.2388276 0.2530546 0.2472162 0.2251887 0.2011169 0.185573
0.2310568 0.211375 0.2041333 0.2307416 0.2222022 0.2334713 0.2268889 0.2286818 0.2443889 0.2361609 0.2263933 0.2338652 0.2442921 0.2663258 0.2332841 0.2331136 0.2490778 0.2524773 0.259191 0.2856292 0.2812988 0.2763483 0.2605281 0.2385444 0.2441364 0.237069 0.2383708 0.2141236 0.2057865 0.2504222 0.206625 0.1979 0.2016395 0.2156854 0.2237159 0.2122528 0.2048851 0.211989 0.2223103 0.2456484 0.269069 0.2486044 0.2498523 0.2330345 0.2215495 0.2289302 0.2116848 0.1926897 0.2211111 0.2300568 0.2125568 0.2164333 0.2205977 0.2284111 0.2344023 0.2457333 0.2511786 0.213875 0.2109565 0.1928965 0.1966222
0.2026292 0.2091556 0.2391461 0.2453371 0.2550909 0.2490555 0.2082159 0.2125165 0.2318989 0.2574205 0.2534444 0.2486023 0.2479889 0.2347273 0.2341222 0.233954 0.2451011 0.2362111 0.2302273 0.2538989 0.2508 0.2379773 0.2275955 0.2332472 0.2348667 0.2448427 0.2408523 0.2316395 0.2384828 0.2232442 0.1820909 0.2050233 0.2091556 0.2274204 0.2242222 0.2000562 0.2039111 0.2018851 0.2345 0.2453068 0.249191 0.2218621 0.2240989 0.1755057 0.1783736 0.1653864 0.2177667 0.2015517 0.2259231 0.2164368 0.2192174 0.2229884 0.2375604 0.2416136 0.2398222 0.2505227 0.235 0.22825 0.21295 0.1855238 0.176
