visualization/data/ascii_10km.asc
ncols         590
nrows         250
xllcorner     -124.769
yllcorner     24.907
cellsize      0.098
NODATA_value  -9999
[rows 189 to 215 of 250, columns 305 to 365 of 590]
0.1382308 0.1438081 0.1351553 0.134767 0.13059 0.1398077 0.13678 0.1684423 0.14496 0.1225769 0.1362843 0.1413673 0.1409151 0.1703 0.1495644 0.1482453 0.1673775 0.177165 0.1838614 0.1803495 0.1749612 0.1916832 0.1940388 0.182 0.1739903 0.1821176 0.2152574 0.2264466 0.2205243 0.2329802 0.2307157 0.2539709 0.2521667 0.2716961 0.2650198 0.2340196 0.230451 0.2411782 0.2383431 0.187902 0.1828333 0.2433922 0.2630777 0.2727624 0.274049 0.2702913 0.2663168 0.2447255 0.2726019 0.2641782 0.2263431 0.1912673 0.2152745 0.2553627 0.2525728 0.251598 0.2518627 0.2461386 0.22636 0.2097885 0.2191456
0.1273434 0.1313177 0.134866 0.1327212 0.1205146 0.14327 0.1309524 0.1695859 0.1574078 0.1404902 0.1444951 0.1499804 0.1800099 0.1759038 0.1523535 0.1497476 0.1560673 0.17463 0.1820673 0.1823737 0.1833208 0.1972574 0.2019 0.1935288 0.1920808 0.1926827 0.2023398 0.223396 0.2322233 0.25035 0.2625048 0.2871262 0.2915643 0.2928365 0.2722451 0.2808431 0.2497843 0.2501177 0.2620294 0.1978431 0.1830971 0.2163725 0.2316471 0.2523235 0.2687745 0.2677451 0.2683725 0.2763235 0.2521961 0.254703 0.2534216 0.2250874 0.2540098 0.2586408 0.2498726 0.2403564 0.2419604 0.2428137 0.2367525 0.224699 0.2112843
0.1366505 0.1383061 0.1409537 0.1436771 0.1441122 0.15026 0.1412941 0.1766381 0.19127 0.1548058 0.1707843 0.1960097 0.2055842 0.1572404 0.1603301 0.158 0.1538942 0.1695842 0.1791942 0.1793333 0.18684 0.1955238 0.19446 0.2042059 0.216 0.2119901 0.2156731 0.1997451 0.2128922 0.280598 0.2867353 0.2879608 0.2963762 0.3058058 0.2924706 0.3096667 0.3167115 0.2771176 0.2691961 0.2605294 0.2539706 0.2646177 0.2769604 0.2895294 0.284 0.2831667 0.2631863 0.2613432 0.2729612 0.2824951 0.2479126 0.2428922 0.2302745 0.2154078 0.2343762 0.212402 0.2242885 0.2391456 0.2236699 0.2203301 0.225604
0.1580286 0.1409307 0.1419208 0.1393619 0.128 0.1306729 0.1317755 0.1785288 0.1854902 0.1610891 0.1787429 0.2036 0.1723654 0.1627475 0.1717736 0.1750396 0.1737327 0.1733143 0.1734 0.1973884 0.2009802 0.2147282 0.2072381 0.205396 0.2117353 0.2226 0.2262596 0.2231765 0.2191442 0.2860971 0.2911683 0.291301 0.30698 0.3052427 0.2951553 0.3053137 0.3433333 0.307098 0.288767 0.3021667 0.2861942 0.2774314 0.2992524 0.2857157 0.3057745 0.307932 0.2935196 0.2769706 0.2999608 0.2890882 0.2796602 0.2608155 0.2338627 0.2317059 0.2476373 0.2324078 0.231098 0.2320792 0.2273846 0.22889 0.236165
0.1893981 0.1406893 0.1326471 0.1241553 0.1283654 0.13603 0.1654151 0.201102 0.2163738 0.1933131 0.1793333 0.2005905 0.1709505 0.1636214 0.18239 0.1912547 0.1921313 0.1971165 0.2057115 0.210835 0.2004951 0.20691 0.2045048 0.2153627 0.2253269 0.2288333 0.2468823 0.2643137 0.23641 0.2840571 0.3048614 0.3138447 0.3183495 0.3051881 0.3122427 0.3212157 0.315699 0.3166436 0.2948447 0.3362745 0.3218544 0.336098 0.3411165 0.3364314 0.3599902 0.355835 0.3461373 0.318 0.3402451 0.3112621 0.3266408 0.3199109 0.2610971 0.2633495 0.2724951 0.2786923 0.2527426 0.2498431 0.2432549 0.2444554 0.2323564
0.2029903 0.1528932 0.1359216 0.1391731 0.1637822 0.2064466 0.2257353 0.2285143 0.2399898 0.2186916 0.2077551 0.1918077 0.1681765 0.1839709 0.2169412 0.2343204 0.2457019 0.22631 0.2156311 0.2157451 0.1932692 0.18957 0.2150583 0.2312039 0.2344175 0.2212233 0.2308515 0.2570388 0.2554118 0.2927157 0.3162816 0.3383495 0.3497789 0.3655 0.3151863 0.3215981 0.3392574 0.3353786 0.341466 0.3554706 0.3604078 0.3680196 0.3598932 0.3952524 0.3963431 0.3918447 0.3781889 0.331375 0.35972 0.3445156 0.3564175 0.3428039 0.3249806 0.2803333 0.3121863 0.3459038 0.3256429 0.2996176 0.26948 0.2342 0.209
0.2326289 0.1923084 0.1672323 0.1953592 0.2138932 0.2396078 0.2171359 0.222598 0.2220097 0.234451 0.1926095 0.2131111 0.2073396 0.21538 0.2613654 0.26304 0.2819151 0.2666039 0.2256117 0.2185686 0.1877573 0.2021635 0.21412 0.233466 0.2396238 0.2336095 0.2202136 0.263598 0.2812353 0.2886893 0.3091942 0.3108911 0.3277476 0.3500097 0.2951058 0.3276961 0.3703462 0.3351456 0.3346863 0.3423039 0.3618738 0.4085644 0.4068738 0.4239903 0.4105 0.4281848 0.4607778 -9999 -9999 -9999 0.3318077 0.3396182 0.3110786 0.3166863 0.3045143 0.3268056 0.3188 -9999 -9999 -9999 -9999
0.2346635 0.2204694 0.185213 0.1950404 0.1996822 0.1852121 0.1827115 0.1997184 0.254 0.2403663 0.2180762 0.267402 0.243099 0.2395943 0.2463465 0.3035288 0.2805 0.2556604 0.25279 0.2608077 0.2876832 0.2163048 0.2170891 0.2920288 0.3088119 0.271 0.2908155 0.315875 0.3128835 0.2606832 0.3032136 0.306049 0.3335392 0.3454563 0.3452815 0.3805728 0.3823628 0.3627404 0.381951 0.3643366 0.3560686 0.4132115 0.4121667 0.4325588 0.3823786 0.3607667 -9999 -9999 -9999 -9999 0.4019545 0.438375 0.425 0.4417917 0.3425 -9999 -9999 -9999 -9999 -9999 -9999
0.2454554 0.2176857 0.22296 0.2055905 0.1893131 0.2138519 0.2298878 0.2344151 0.286703 0.2908173 0.2511683 0.2697076 0.27306 0.2411539 0.2675825 0.3368269 0.3223366 0.2905577 0.2981942 0.3727157 0.3414466 0.2933235 0.3047264 0.3382157 0.3313301 0.2783922 0.3094904 0.3039208 0.2944286 0.2828544 0.2753592 0.3054314 0.3231068 0.3451667 0.3576275 0.3930686 0.4042745 0.3977353 0.4129709 0.3601651 0.3612233 0.3600388 0.3720388 0.3425728 0.3148039 0.393898 0.3870133 0.3020926 0.3803721 0.4385882 0.440495 0.4769487 0.4252766 0.485 0.4290833 0.42225 -9999 -9999 -9999 -9999 -9999
0.2473364 0.26027 0.2522885 0.2209118 0.2352788 0.2287525 0.2348585 0.25422 0.2715701 0.2839495 0.2368571 0.2977586 0.2951048 0.3245051 0.3191132 0.3228627 0.3598365 0.38445 0.4036509 0.354 0.3087789 0.30897 0.3325385 0.3467647 0.3509333 0.3430495 0.3571845 0.3388812 0.3233204 0.3866863 0.3665769 0.3174519 0.2779608 0.3866635 0.4208431 0.3971827 0.4087843 0.4315385 0.4085825 0.3554314 0.3927476 0.3918726 0.4482816 0.4834466 0.4554369 0.3709029 0.3451553 0.2966796 0.3490194 0.3917941 0.4138058 0.4155893 0.4598667 -9999 0.5178043 0.5082879 -9999 -9999 -9999 -9999 -9999
0.2438889 0.2755795 0.2578317 0.2618679 0.2524019 0.2731372 0.2670192 0.2575392 0.2847941 0.2339836 0.269375 0.3012619 0.3228095 0.3525392 0.3841961 0.3454615 0.3117404 0.3444902 0.409098 0.4305481 0.4089712 0.3256569 0.3662549 0.4093077 0.4080392 0.3613238 0.4227282 0.4108077 0.4099804 0.4112174 0.4057879 0.399697 0.3659029 0.3478857 0.3808725 0.3959327 0.3911748 0.4036311 0.4139515 0.3659519 0.3727864 0.4136699 0.430602 0.4678835 0.4716635 0.5114078 0.450598 0.386068 0.3995243 0.4053628 0.4128155 0.4597211 0.4744111 0.4712687 0.4416733 0.5028974 -9999 -9999 -9999 -9999 -9999
0.2531406 0.2802581 0.2625588 0.2637941 0.2669327 0.2526602 0.2566176 0.2673396 0.2890101 0.314759 0.2726875 0.2760156 0.3196 0.33995 0.3485625 0.32552 0.3125454 0.3187317 0.3925373 0.4165876 0.388951 0.4088762 0.4188911 0.4146442 0.4327451 0.4043905 0.4074706 0.3588387 0.31146 0.3611111 0.4106471 0.4201912 0.3803148 0.3739186 0.3643039 0.3918942 0.3858627 0.3442596 0.3875882 0.4050288 0.4343787 0.3191923 0.3436961 0.4099223 0.4235631 0.4936408 0.4226796 0.3921058 0.4062353 0.4136827 0.4923787 0.5287884 0.510951 0.5081739 0.5186111 0.5254286 0.525 -9999 -9999 -9999 -9999
0.204 0.2704706 0.2752547 0.28907 0.2905327 0.25854 0.2418641 0.2649254 0.2861842 0.3113793 0.2687 -9999 -9999 -9999 -9999 -9999 -9999 -9999 -9999 0.4202 0.3035263 0.3893623 0.4111881 0.4260485 0.4256765 0.4253787 0.421534 0.4152604 0.4466667 0.32 0.3415 -9999 -9999 0.3927895 0.3790097 0.372125 0.3736019 0.4188738 0.4239615 0.3942941 0.4211731 0.398402 0.4164272 0.4143365 0.4025825 0.419 0.4604039 0.5029903 0.4263592 0.4485673 0.4825048 0.5245714 0.53935 0.5216333 0.4999167 -9999 -9999 -9999 -9999 -9999 -9999
-9999 0.2611471 0.2881304 0.294 0.309725 0.24818 0.2326 -9999 -9999 -9999 -9999 -9999 -9999 -9999 -9999 -9999 -9999 -9999 -9999 -9999 -9999 -9999 0.418 0.4188519 0.3535106 0.4278246 0.386194 0.4312222 0.4283637 0.3432414 0.4152371 0.4249054 0.4276667 -9999 0.378125 0.3772333 0.4076842 0.4018675 0.3865686 0.3962885 0.4155534 0.4139808 0.3991553 0.4079806 0.400625 0.4091068 0.4340481 0.45772 0.455 0.4922121 0.5257185 0.4954804 0.4741818 0.5 -9999 -9999 -9999 -9999 -9999 -9999 -9999
-9999 0.2739412 0.2832162 0.256619 -9999 -9999 -9999 -9999 -9999 -9999 -9999 -9999 -9999 -9999 -9999 -9999 -9999 -9999 -9999 -9999 -9999 -9999 -9999 -9999 -9999 -9999 -9999 -9999 -9999 -9999 0.4388333 0.427 -9999 -9999 -9999 -9999 0.381 0.3652045 0.3643654 0.3870481 0.4010588 0.4178846 0.4295769 0.4102719 0.4340577 0.4520583 0.4567981 0.4427053 0.4742609 0.5244706 0.5398108 0.5279032 0.5197788 0.4604565 0.5384 -9999 -9999 -9999 -9999 -9999 -9999
0.3225 0.28076 -9999 -9999 -9999 -9999 -9999 -9999 -9999 -9999 -9999 -9999 -9999 -9999 -9999 -9999 -9999 -9999 -9999 -9999 -9999 -9999 -9999 -9999 -9999 -9999 -9999 -9999 -9999 -9999 -9999 -9999 -9999 -9999 -9999 -9999 0.4836667 0.4114706 0.3519506 0.4297619 0.4180206 0.4233173 0.4290971 0.4189223 0.448466 0.4375333 0.4999515 0.4363495 0.514767 0.4488214 -9999 0.461 0.5212927 0.5095376 0.455061 0.4612381 0.484697 0.5102727 0.509 -9999 -9999
0.3748056 0.4435 -9999 -9999 -9999 -9999 -9999 -9999 -9999 -9999 -9999 -9999 -9999 -9999 -9999 -9999 -9999 -9999 -9999 -9999 -9999 -9999 -9999 -9999 -9999 -9999 -9999 -9999 -9999 -9999 -9999 -9999 -9999 -9999 -9999 -9999 0.4725667 0.43125 0.42702 0.4525556 0.4212667 0.4096506 0.4051058 0.4677384 0.4205 0.5219 0.5151666 0.470375 0.4242576 -9999 -9999 -9999 -9999 0.5408462 0.5486 0.5155833 0.4869423 0.506 0.5145807 -9999 -9999
-9999 -9999 -9999 -9999 -9999 -9999 -9999 -9999 -9999 -9999 -9999 -9999 -9999 -9999 -9999 -9999 -9999 -9999 -9999 -9999 -9999 -9999 -9999 -9999 -9999 -9999 -9999 -9999 -9999 -9999 -9999 -9999 -9999 -9999 -9999 -9999 -9999 -9999 0.4461667 0.3929091 0.3743077 0.3943962 0.3754578 0.42 -9999 -9999 -9999 0.3671084 0.354375 0.38225 -9999 -9999 -9999 -9999 -9999 0.553375 0.5368554 0.5261667 0.5218119 0.513 -9999
-9999 -9999 -9999 -9999 -9999 -9999 -9999 -9999 -9999 -9999 -9999 -9999 -9999 -9999 -9999 -9999 -9999 -9999 -9999 -9999 -9999 -9999 -9999 -9999 -9999 -9999 -9999 -9999 -9999 -9999 -9999 -9999 -9999 -9999 -9999 -9999 -9999 -9999 -9999 -9999 -9999 -9999 -9999 -9999 -9999 -9999 -9999 0.3385714 -9999 -9999 -9999 -9999 -9999 -9999 -9999 -9999 0.3623461 0.4563077 0.5280769 0.5125455 -9999
-9999 -9999 -9999 -9999 -9999 -9999 -9999 -9999 -9999 -9999 -9999 -9999 -9999 -9999 -9999 -9999 -9999 -9999 -9999 -9999 -9999 -9999 -9999 -9999 -9999 -9999 -9999 -9999 -9999 -9999 -9999 -9999 -9999 -9999 -9999 -9999 -9999 -9999 -9999 -9999 -9999 -9999 -9999 -9999 -9999 -9999 -9999 -9999 -9999 -9999 -9999 -9999 -9999 -9999 -9999 -9999 0.4316429 -9999 -9999 -9999 -9999
-9999 -9999 -9999 -9999 -9999 -9999 -9999 -9999 -9999 -9999 -9999 -9999 -9999 -9999 -9999 -9999 -9999 -9999 -9999 -9999 -9999 -9999 -9999 -9999 -9999 -9999 -9999 -9999 -9999 -9999 -9999 -9999 -9999 -9999 -9999 -9999 -9999 -9999 -9999 -9999 -9999 -9999 -9999 -9999 -9999 -9999 -9999 -9999 -9999 -9999 -9999 -9999 -9999 -9999 -9999 -9999 -9999 -9999 -9999 -9999 -9999
-9999 -9999 -9999 -9999 -9999 -9999 -9999 -9999 -9999 -9999 -9999 -9999 -9999 -9999 -9999 -9999 -9999 -9999 -9999 -9999 -9999 -9999 -9999 -9999 -9999 -9999 -9999 -9999 -9999 -9999 -9999 -9999 -9999 -9999 -9999 -9999 -9999 -9999 -9999 -9999 -9999 -9999 -9999 -9999 -9999 -9999 -9999 -9999 -9999 -9999 -9999 -9999 -9999 -9999 -9999 -9999 -9999 -9999 -9999 -9999 -9999
-9999 -9999 -9999 -9999 -9999 -9999 -9999 -9999 -9999 -9999 -9999 -9999 -9999 -9999 -9999 -9999 -9999 -9999 -9999 -9999 -9999 -9999 -9999 -9999 -9999 -9999 -9999 -9999 -9999 -9999 -9999 -9999 -9999 -9999 -9999 -9999 -9999 -9999 -9999 -9999 -9999 -9999 -9999 -9999 -9999 -9999 -9999 -9999 -9999 -9999 -9999 -9999 -9999 -9999 -9999 -9999 -9999 -9999 -9999 -9999 -9999
-9999 -9999 -9999 -9999 -9999 -9999 -9999 -9999 -9999 -9999 -9999 -9999 -9999 -9999 -9999 -9999 -9999 -9999 -9999 -9999 -9999 -9999 -9999 -9999 -9999 -9999 -9999 -9999 -9999 -9999 -9999 -9999 -9999 -9999 -9999 -9999 -9999 -9999 -9999 -9999 -9999 -9999 -9999 -9999 -9999 -9999 -9999 -9999 -9999 -9999 -9999 -9999 -9999 -9999 -9999 -9999 -9999 -9999 -9999 -9999 -9999
-9999 -9999 -9999 -9999 -9999 -9999 -9999 -9999 -9999 -9999 -9999 -9999 -9999 -9999 -9999 -9999 -9999 -9999 -9999 -9999 -9999 -9999 -9999 -9999 -9999 -9999 -9999 -9999 -9999 -9999 -9999 -9999 -9999 -9999 -9999 -9999 -9999 -9999 -9999 -9999 -9999 -9999 -9999 -9999 -9999 -9999 -9999 -9999 -9999 -9999 -9999 -9999 -9999 -9999 -9999 -9999 -9999 -9999 -9999 -9999 -9999
-9999 -9999 -9999 -9999 -9999 -9999 -9999 -9999 -9999 -9999 -9999 -9999 -9999 -9999 -9999 -9999 -9999 -9999 -9999 -9999 -9999 -9999 -9999 -9999 -9999 -9999 -9999 -9999 -9999 -9999 -9999 -9999 -9999 -9999 -9999 -9999 -9999 -9999 -9999 -9999 -9999 -9999 -9999 -9999 -9999 -9999 -9999 -9999 -9999 -9999 -9999 -9999 -9999 -9999 -9999 -9999 -9999 -9999 -9999 -9999 -9999
-9999 -9999 -9999 -9999 -9999 -9999 -9999 -9999 -9999 -9999 -9999 -9999 -9999 -9999 -9999 -9999 -9999 -9999 -9999 -9999 -9999 -9999 -9999 -9999 -9999 -9999 -9999 -9999 -9999 -9999 -9999 -9999 -9999 -9999 -9999 -9999 -9999 -9999 -9999 -9999 -9999 -9999 -9999 -9999 -9999 -9999 -9999 -9999 -9999 -9999 -9999 -9999 -9999 -9999 -9999 -9999 -9999 -9999 -9999 -9999 -9999
