visualization/data/ascii_10km.asc
ncols         590
nrows         250
xllcorner     -124.769
yllcorner     24.907
cellsize      0.098
NODATA_value  -9999
[rows 135 to 161 of 250, columns 61 to 121 of 590]
0.07969474 0.06830208 0.08050516 0.08516667 0.08238947 0.07792632 0.07517708 0.0651579 0.05236083 0.05438298 0.05645833 0.05319588 0.05029166 0.05891667 0.03901052 0.0341875 0.0533125 0.05486458 0.04535417 0.04247916 0.0553579 0.05385417 0.05567368 0.05367021 0.04467368 0.04207292 0.0456 0.04767708 0.05026804 0.04518947 0.0630421 0.06343877 0.06342106 0.05940625 0.06394792 0.05746875 0.0423299 0.03750526 0.03809278 0.03808421 0.04074737 0.038 0.04456842 0.0509375 0.04748958 0.04258334 0.05577895 0.04619192 0.04312766 0.04441667 0.0706875 0.06534737 0.05651041 0.05719388 0.05679167 0.06762365 0.06806186 0.06193877 0.05909678 0.05489583 0.05120619
0.0778866 0.06707291 0.07686459 0.08289691 0.07627659 0.0777835 0.07398959 0.06279381 0.04760825 0.05194792 0.05365263 0.05070526 0.04948454 0.05251042 0.0450625 0.03423958 0.05258763 0.05114583 0.05475532 0.0370625 0.05237755 0.061125 0.0581134 0.05264583 0.04735714 0.03878125 0.03935417 0.04772449 0.05598936 0.04902083 0.0480101 0.05832258 0.06141237 0.05504167 0.05675 0.05491579 0.04803093 0.04419792 0.04270833 0.04077319 0.04338947 0.0383125 0.05892783 0.04863542 0.04380208 0.05157732 0.04088541 0.04678947 0.06748454 0.06906383 0.06721875 0.06532291 0.0630625 0.06524468 0.06453061 0.06670103 0.06387097 0.05661225 0.05252083 0.05150526 0.04886598
0.08063918 0.07014583 0.07913402 0.07576842 0.08009375 0.07405154 0.07003125 0.05785567 0.05206186 0.05470833 0.0451875 0.04833333 0.05180208 0.05053684 0.04813265 0.03927083 0.05010526 0.05340206 0.04726804 0.03729167 0.03683158 0.03991667 0.04804124 0.04908247 0.04398969 0.03527369 0.03519792 0.04172632 0.04220619 0.04550515 0.04302105 0.0457732 0.05509474 0.05358763 0.05505208 0.05154167 0.05338144 0.05287629 0.05268085 0.04080413 0.03941237 0.03665958 0.05061224 0.03943158 0.05013542 0.05926042 0.06245361 0.05019149 0.06415625 0.05373196 0.06439583 0.06668085 0.0683402 0.06917526 0.06184043 0.06712371 0.06598958 0.05420619 0.05209474 0.05384375 0.05319388
0.07895789 0.07651579 0.06975 0.08085417 0.07511459 0.06814433 0.05490625 0.05638542 0.05081053 0.04690722 0.04257732 0.03757292 0.04773958 0.05103061 0.03954737 0.04140206 0.04316842 0.05063542 0.04480412 0.03764949 0.04308248 0.03973404 0.04096907 0.04297872 0.04270526 0.03551546 0.03573958 0.03953608 0.04746392 0.04888421 0.04548454 0.04260417 0.04914583 0.0543125 0.05491919 0.05277419 0.05211458 0.05348485 0.03998948 0.04027084 0.04928571 0.04128866 0.0401383 0.04463917 0.06296939 0.06461053 0.06494737 0.0669697 0.06969072 0.0586701 0.05723711 0.06482653 0.06086458 0.06618556 0.06501041 0.06376289 0.06294791 0.05538542 0.05315306 0.05847917 0.06147872
0.08994845 0.08602062 0.07859794 0.08585417 0.08445361 0.07550526 0.07175258 0.06881443 0.05082292 0.0434375 0.03365979 0.03139583 0.0371134 0.0408125 0.03840206 0.04202083 0.04487629 0.04247423 0.03918947 0.04148453 0.04234375 0.03596939 0.03403093 0.03621649 0.0364375 0.03561224 0.03497938 0.04095789 0.06285567 0.05354639 0.04678724 0.04915306 0.04601042 0.05086458 0.05081443 0.0513579 0.05243299 0.04553125 0.03667347 0.05012631 0.05352128 0.03806061 0.04569474 0.05652577 0.04962105 0.06387755 0.0633125 0.05840625 0.07713402 0.06417708 0.05094737 0.0593125 0.06138144 0.06571875 0.07372165 0.07158948 0.07067347 0.0566875 0.06272341 0.06031633 0.06015625
0.1008437 0.08386458 0.081625 0.07269073 0.07872165 0.07057292 0.06416495 0.0529375 0.05069072 0.0443299 0.04303125 0.03496907 0.03508333 0.04257895 0.04189691 0.04043299 0.04687368 0.04245361 0.04323711 0.04788542 0.04360417 0.03587369 0.034 0.03345361 0.03404167 0.03413684 0.03697895 0.03693878 0.04301031 0.04590426 0.04245918 0.04473958 0.04807217 0.04820408 0.04801053 0.05208248 0.05541667 0.05478125 0.04908247 0.04724742 0.04717708 0.03707292 0.03668041 0.052625 0.0493125 0.06040206 0.05442268 0.05068421 0.05598958 0.06282292 0.06282653 0.05127368 0.05195833 0.06121875 0.07228283 0.06706383 0.05947917 0.05512121 0.06144211 0.05614433 0.07092708
0.09081443 0.08253608 0.07929473 0.079875 0.06853125 0.05869792 0.06540625 0.05362245 0.04239175 0.03982292 0.04297917 0.04685567 0.04259375 0.03466326 0.03803125 0.03773196 0.03741237 0.03672631 0.04001031 0.0467449 0.04204124 0.04110309 0.04566666 0.04480208 0.05204124 0.04296907 0.03576531 0.03452577 0.03878947 0.04431313 0.04303093 0.047125 0.05261225 0.04905263 0.04484211 0.05395918 0.0566598 0.05317708 0.058 0.04990721 0.04514286 0.03578947 0.03566327 0.04757292 0.04609184 0.04942105 0.0564433 0.04783333 0.05390722 0.05194845 0.06387629 0.05967347 0.05262887 0.05829167 0.06163158 0.06262626 0.05890625 0.06528866 0.07001053 0.06148979 0.06787755
0.0822653 0.08158163 0.08108247 0.08494845 0.07616667 0.05946392 0.05165306 0.05040206 0.04267708 0.04609278 0.05073958 0.04952578 0.05186735 0.04386458 0.04246392 0.04527368 0.04512371 0.04523232 0.04142708 0.04157895 0.0412165 0.05015464 0.04952041 0.04470408 0.04638144 0.0441134 0.036125 0.03471579 0.04612245 0.05096939 0.04934737 0.04851547 0.05380208 0.05047917 0.04419588 0.045125 0.05575258 0.05432653 0.058 0.05102062 0.04468041 0.03597959 0.03571579 0.04377083 0.05842857 0.05260825 0.06951042 0.05513402 0.06629592 0.05147423 0.04933333 0.06805155 0.05672449 0.05602062 0.05565263 0.06547423 0.06779592 0.06256701 0.05888775 0.06208511 0.07083505
0.1060928 0.08590526 0.08747475 0.08381443 0.07889583 0.06408247 0.05463636 0.04277895 0.04316495 0.05329897 0.0435 0.05185567 0.04603125 0.04716495 0.04761856 0.05356701 0.04817526 0.04202083 0.04331633 0.04117526 0.04484375 0.04452083 0.04445263 0.03989583 0.03410417 0.03407292 0.03669388 0.0356701 0.04191753 0.05047368 0.05481633 0.05353608 0.05042268 0.05220618 0.04714286 0.04858333 0.0543299 0.05471428 0.05236735 0.04930928 0.04903158 0.04137755 0.03628125 0.03757143 0.05833684 0.05771134 0.06555556 0.06691752 0.05943158 0.05390722 0.05669072 0.06023958 0.06161053 0.05919388 0.06127551 0.06854639 0.07013402 0.06727368 0.06574227 0.06387629 0.06532989
0.1297474 0.08463918 0.08353061 0.08326316 0.07558333 0.06730209 0.05510204 0.04423711 0.03758763 0.04532653 0.04525 0.04107292 0.04254639 0.04414433 0.04536083 0.04633674 0.04484536 0.04264949 0.04223958 0.04672449 0.04465306 0.03996907 0.03792857 0.0364898 0.03589691 0.03712245 0.0399375 0.03511224 0.03539175 0.03927835 0.05302062 0.05751546 0.05250526 0.05797959 0.05635417 0.04981633 0.05320408 0.05154167 0.04762886 0.04354639 0.053 0.050125 0.03907216 0.03818182 0.05961458 0.05447959 0.05144211 0.0609898 0.05283505 0.04873958 0.06365625 0.05847423 0.06565306 0.06507292 0.06926531 0.07009473 0.07186735 0.06579798 0.065375 0.06331959 0.06216667
0.09796939 0.08179167 0.08139394 0.08351547 0.07910309 0.07786869 0.04925 0.04602062 0.0427653 0.04860417 0.0431134 0.04003093 0.04162887 0.04353608 0.04265306 0.04278125 0.04368041 0.04327835 0.04668367 0.05108333 0.04559375 0.03946392 0.03691837 0.03535353 0.03536842 0.03747917 0.03393814 0.03616327 0.03410417 0.04290722 0.05381633 0.06096907 0.05687755 0.05891667 0.05533333 0.05283839 0.05091752 0.04761856 0.04591753 0.04172917 0.04677 0.04852083 0.03605102 0.03698947 0.05267677 0.05537114 0.04730928 0.05446316 0.05464948 0.05455 0.05558163 0.06368421 0.06292857 0.07194792 0.06741837 0.06679798 0.07271579 0.07528866 0.06694791 0.05777551 0.05948979
0.09329293 0.08502062 0.08721875 0.08852041 0.07382474 0.0639495 0.04153684 0.04798969 0.05222449 0.05392784 0.05036735 0.04515306 0.04794898 0.04481443 0.03937113 0.04306122 0.04008247 0.04520619 0.04712245 0.04352577 0.03982653 0.03241237 0.03577083 0.03340625 0.03393878 0.03647959 0.03452041 0.03542268 0.0332551 0.03370103 0.04291667 0.04483673 0.04841837 0.05821875 0.05840206 0.0607449 0.05239175 0.04815464 0.0485567 0.04326531 0.0393125 0.04217347 0.03558763 0.03589691 0.04940206 0.05590625 0.04276768 0.04445361 0.05750505 0.05812632 0.06029592 0.06084849 0.0609898 0.06151547 0.06695833 0.07130612 0.06650516 0.06696939 0.06646392 0.05882291 0.05717526
0.08773196 0.07470408 0.07157291 0.06911224 0.05432292 0.0568866 0.0487835 0.05191919 0.05564583 0.05716326 0.0451134 0.04252041 0.0470625 0.04596907 0.0414375 0.03704124 0.03849495 0.04205102 0.04183158 0.04485567 0.03773737 0.03229592 0.03343878 0.0392165 0.0379798 0.03537113 0.035125 0.03672917 0.03404 0.03509278 0.03535417 0.03708163 0.05012371 0.05863918 0.05214433 0.0497551 0.05025 0.04741237 0.0392653 0.03558763 0.03365979 0.03736735 0.03634021 0.03730303 0.04677083 0.05194845 0.04035714 0.03940816 0.06470103 0.06450515 0.06558333 0.05241837 0.05696875 0.06521212 0.06880412 0.0610102 0.06361225 0.06654737 0.06505051 0.06906185 0.0640202
0.06754639 0.05949485 0.05057732 0.04311111 0.04982474 0.04959596 0.05238776 0.04395876 0.05638776 0.0433299 0.03990816 0.03830208 0.0372653 0.03872449 0.04380612 0.05006123 0.07124211 0.05961224 0.0397347 0.04159184 0.04513402 0.03421875 0.03347917 0.03948453 0.04182474 0.03676289 0.03414286 0.03411111 0.03804211 0.03453061 0.03836364 0.04670833 0.04929592 0.04519388 0.03809184 0.03688775 0.03664948 0.03682653 0.03925773 0.03947959 0.03608163 0.03868041 0.0351134 0.03686598 0.03821212 0.03863265 0.04489583 0.03819388 0.05526042 0.06746939 0.06070103 0.05854639 0.06411225 0.07172917 0.06246939 0.06521428 0.0697551 0.07121649 0.06837113 0.06636735 0.06556842
0.07010417 0.05404041 0.04958333 0.0442449 0.04961225 0.04361053 0.0422551 0.0431134 0.04022449 0.0377835 0.03825773 0.03873738 0.04037113 0.03942857 0.04758763 0.04666327 0.04447959 0.04127835 0.04030612 0.04907143 0.0495 0.04396939 0.0400202 0.03907071 0.03719588 0.0379394 0.03456122 0.03467368 0.0369899 0.03897938 0.04265306 0.04792708 0.04929293 0.0410625 0.04239796 0.03853061 0.03756701 0.04137755 0.03827551 0.03401042 0.0322449 0.0379898 0.03753061 0.035625 0.03763265 0.03571134 0.03540816 0.03603093 0.04792857 0.07058334 0.06496939 0.05736458 0.06632653 0.07444898 0.06752577 0.06312245 0.07739583 0.07602062 0.06655102 0.06553061 0.06422449
0.08684375 0.08552525 0.08271134 0.07753535 0.06079592 0.04525773 0.04246465 0.05315151 0.03722105 0.03557576 0.03646939 0.04042268 0.04742857 0.03887755 0.04341237 0.04275258 0.0439596 0.04685714 0.04452577 0.04947917 0.05005208 0.05010101 0.04965625 0.04428125 0.04003125 0.03959184 0.03782653 0.03368367 0.0366701 0.03687755 0.03589796 0.03528572 0.04068687 0.038 0.03643877 0.03485567 0.038 0.04302062 0.03663265 0.03476289 0.03461225 0.03443877 0.03814286 0.03721429 0.03708247 0.03590625 0.03832653 0.03614141 0.0379899 0.05765 0.06862245 0.05868687 0.059375 0.05496939 0.06291752 0.07088 0.08245361 0.08627272 0.06941237 0.08064949 0.06817347
0.08889899 0.0860102 0.08713542 0.08002041 0.08118182 0.06638776 0.0515 0.04506122 0.03663636 0.03737113 0.03751547 0.04565657 0.05245361 0.04148453 0.04009278 0.04365657 0.04655102 0.04684536 0.04504082 0.04154082 0.04311 0.04532653 0.04536735 0.04365306 0.04203 0.04681633 0.04233674 0.03296907 0.03426531 0.03358163 0.0391875 0.03413 0.03516326 0.036 0.03530303 0.03583158 0.04697959 0.04196939 0.03548454 0.03551515 0.03485567 0.03421428 0.03448958 0.04112121 0.03690816 0.03606061 0.04887755 0.04926804 0.03741237 0.04541237 0.051 0.05402041 0.05372 0.05627551 0.06235417 0.06220202 0.06570833 0.0752653 0.06996939 0.07738776 0.06743877
0.1423367 0.1261818 0.1372268 0.08786735 0.06220408 0.0620303 0.06552041 0.06715464 0.06285714 0.05730303 0.05669388 0.059 0.06103061 0.06415152 0.06289899 0.05524742 0.05212245 0.04905102 0.04068041 0.04056701 0.04226262 0.04487755 0.03912121 0.0390303 0.03859375 0.04172165 0.03933673 0.03893939 0.03405102 0.0331134 0.03618182 0.03353608 0.03384694 0.03721429 0.03641837 0.03564646 0.0448866 0.04454082 0.03383673 0.03393878 0.03546939 0.03414286 0.03254639 0.03305102 0.0329375 0.04349 0.03736082 0.03869697 0.03796875 0.03848485 0.04379167 0.04873469 0.04796907 0.0509697 0.057 0.05653061 0.05491837 0.06148453 0.06720408 0.06336734 0.0618866
0.1388788 0.1028469 0.1289286 0.1243229 0.1053131 0.07172728 0.07480612 0.07942268 0.06895918 0.06417526 0.06354546 0.06765306 0.07972727 0.06864285 0.06272449 0.06653608 0.06171134 0.05735 0.05770408 0.05681818 0.05408333 0.04746392 0.04042857 0.03945361 0.03663636 0.03802041 0.0340303 0.03727835 0.04231633 0.04181818 0.04089691 0.03203061 0.03285858 0.03492709 0.03316162 0.03277778 0.03893815 0.03406122 0.03347475 0.03648454 0.04485859 0.03373196 0.03248 0.03179381 0.03883838 0.03952041 0.03596907 0.03530928 0.03583838 0.03545918 0.03994898 0.05238776 0.0479798 0.03863158 0.04914141 0.05108247 0.0514898 0.05576768 0.06368367 0.0657449 0.06282653
0.2076364 0.1532222 0.1878878 0.225299 0.2142474 0.1203469 0.08636735 0.07708081 0.08007143 0.09625252 0.08303092 0.0679495 0.07136458 0.07510101 0.06916667 0.07134344 0.06713 0.08110309 0.07556701 0.07762627 0.07539796 0.06186 0.04878788 0.04772727 0.04088775 0.03667347 0.03512371 0.0340303 0.03354082 0.03460204 0.04153536 0.03950505 0.03183838 0.03291667 0.0304898 0.03082828 0.03076768 0.03018182 0.0321134 0.03536735 0.04481633 0.03634694 0.03339796 0.03455555 0.03697959 0.03817347 0.03461616 0.03569792 0.03385859 0.03503125 0.03684849 0.03828866 0.03723469 0.03519388 0.03439 0.03874747 0.04535051 0.05870408 0.06320408 0.06382653 0.06379592
0.2198367 0.2071837 0.2269091 0.2403131 0.2198384 0.1930918 0.2255758 0.1816633 0.1601633 0.1680714 0.125899 0.113 0.102602 0.1037959 0.10977 0.1192653 0.08179592 0.07403062 0.07732324 0.08263265 0.07617347 0.06692708 0.05194845 0.04861224 0.04390816 0.04163636 0.03926263 0.03281443 0.03163265 0.03218182 0.03322449 0.03552 0.03485567 0.04091753 0.03369697 0.03035052 0.03816327 0.02956123 0.03023469 0.03208 0.03425773 0.0330505 0.03357732 0.03179798 0.03151546 0.03370408 0.03359184 0.03497 0.03314 0.03585 0.03714141 0.0359697 0.0361134 0.04159596 0.03817526 0.04005051 0.0431134 0.04823232 0.05459184 0.05738775 0.05966667
0.1761818 0.1721707 0.1828706 0.1464796 0.1156939 0.1407653 0.1835155 0.1835354 0.1797245 0.2472828 0.2201122 0.1936225 0.1563232 0.1422727 0.1311546 0.135101 0.1090816 0.08148453 0.0759899 0.07720202 0.07056566 0.06558586 0.05458586 0.05195 0.05571717 0.05116495 0.04834694 0.05086869 0.05058163 0.03934021 0.03507 0.03669072 0.03553535 0.0370303 0.04268041 0.03211111 0.03246465 0.03135052 0.03092929 0.03194898 0.03174748 0.03144445 0.03226263 0.0339798 0.0325567 0.03369697 0.03482653 0.03533333 0.03463918 0.03475758 0.03383505 0.03916162 0.03532323 0.03968687 0.05062245 0.05170707 0.04871717 0.04529897 0.04936364 0.05362626 0.04993878
-9999 -9999 0.107 0.1056667 0.1022323 0.1327857 0.0945204 0.1423163 0.1947475 0.2125204 0.2366869 0.2467677 0.2402551 0.1901735 0.1420707 0.08167011 0.06838384 0.06722 0.07913131 0.07923711 0.07331958 0.06691837 0.04378571 0.05118557 0.05323711 0.05741 0.0535 0.04913265 0.05407143 0.04372 0.04158763 0.03246465 0.03290909 0.03240816 0.03637374 0.03538384 0.032 0.03877778 0.0350303 0.0324433 0.03116 0.03247423 0.03363637 0.04569388 0.03533333 0.03477 0.03538775 0.03549495 0.03744898 0.03547959 0.03365306 0.03608163 0.03836364 0.04914286 0.04787879 0.0402551 0.04447475 0.04686869 0.04339796 0.04785858 0.05568367
-9999 -9999 -9999 0.1065 0.1028316 0.1032525 0.08568687 0.09372 0.1037857 0.1145253 0.1897041 0.1974433 0.21933 0.1422857 0.09578788 0.08339 0.0712653 0.07417526 0.06713 0.07134344 0.0719 0.06936364 0.04576768 0.03431313 0.0380404 0.05591 0.04914433 0.04677551 0.05263366 0.04378571 0.03569697 0.0332551 0.03830303 0.03792857 0.03116327 0.03304082 0.03193878 0.03332323 0.03432653 0.0339596 0.03360204 0.03328571 0.03757 0.03997938 0.03549 0.03297938 0.03511111 0.03413402 0.03316 0.03439796 0.03390909 0.04072449 0.04442424 0.03889796 0.03860606 0.04252041 0.0492347 0.04395 0.04197938 0.05592929 0.06644444
-9999 -9999 -9999 0.1804 0.1822842 0.1010139 0.1023433 0.09643617 0.08471717 0.09130303 0.1768061 0.2032828 0.08652041 0.1127778 0.06349495 0.07207143 0.08027273 0.06256 0.08305155 0.07712121 0.0747835 0.07027551 0.05618557 0.04215151 0.0329898 0.03058163 0.03920202 0.03878788 0.04428571 0.0499899 0.04188 0.04165656 0.04359794 0.03662626 0.03128283 0.03133674 0.03138 0.03571429 0.03335353 0.03245 0.03227551 0.03318 0.03678571 0.03591 0.03612245 0.03527273 0.03782653 0.03467347 0.0335102 0.03402041 0.0340202 0.03623232 0.03818367 0.03568687 0.04316327 0.04842424 0.04254545 0.04157576 0.04148 0.04011225 0.03959596
-9999 -9999 -9999 -9999 0.1253333 0.1318 -9999 0.09376471 0.09455556 0.09809183 0.1019394 0.206404 0.1682 0.07436734 0.08751515 0.08289899 0.08054639 0.07071 0.06998 0.07821 0.07510101 0.07128 0.06104 0.06856566 0.07165 0.04948485 0.0367449 0.03383838 0.03804082 0.03947959 0.03888119 0.04106123 0.03622222 0.03544898 0.03512121 0.03243 0.03050505 0.03139796 0.03085859 0.03138775 0.03230303 0.0350404 0.03951547 0.03916832 0.03392857 0.03529293 0.03573469 0.03612 0.03413 0.03404 0.03213265 0.03414 0.03604082 0.03609091 0.03552041 0.03510101 0.03638 0.04206185 0.0430202 0.03814286 0.03759
-9999 -9999 -9999 -9999 -9999 -9999 -9999 -9999 0.105 0.1137083 0.1232872 0.1184848 0.1866392 0.13992 0.08058763 0.10791 0.14108 0.1421414 0.07303093 0.08268367 0.07342857 0.07686869 0.07037755 0.06227551 0.05243299 0.08939394 0.06145 0.04809091 0.03570408 0.03381 0.03617172 0.03489796 0.03423232 0.03424243 0.04093939 0.04009091 0.03166327 0.03092 0.03104082 0.03397959 0.03324 0.03707143 0.04875758 0.03845454 0.03639796 0.04059596 0.03544445 0.03744 0.04033674 0.04172 0.03948485 0.03378788 0.03413 0.03245918 0.03277778 0.03276768 0.03439394 0.0362551 0.03543 0.03654546 0.03594898
