visualization/data/ascii_10km.asc
ncols         590
nrows         250
xllcorner     -124.769
yllcorner     24.907
cellsize      0.098
NODATA_value  -9999
[rows 54 to 80 of 250, columns 183 to 243 of 590]
0.09465882 0.08358824 0.08482558 0.09 0.08316667 0.09434884 0.1051667 0.0957907 0.08472414 0.08551191 0.09034884 0.09402381 0.1041176 0.1074828 0.09203448 0.08449397 0.0845 0.08674699 0.09156818 0.08497675 0.09898837 0.103506 0.1113294 0.1018837 0.09063637 0.1033218 0.1222683 0.1461429 0.1585059 0.1747614 0.1537386 0.1419518 0.1372738 0.1255833 0.1292326 0.1162955 0.133875 0.1624875 0.1707381 0.1718372 0.1763256 0.1905517 0.2064091 0.2252439 0.2195432 0.2326207 0.2165568 0.2066477 0.2119545 0.2059868 0.1883294 0.2260795 0.2185114 0.2023864 0.2028295 0.2188356 0.226593 0.2357273 0.2351705 0.2445 0.2494432
0.09290476 0.08302381 0.08568966 0.08544706 0.08612644 0.08610588 0.09753571 0.09013954 0.08770238 0.08232955 0.08874118 0.08933333 0.08889535 0.09227381 0.09518391 0.08355173 0.08738372 0.09253012 0.0842907 0.08051807 0.1003523 0.09163953 0.07958823 0.09555294 0.1026506 0.08472093 0.1083103 0.1079545 0.1407882 0.1659634 0.1644824 0.1420471 0.1208409 0.1050682 0.09809639 0.1013571 0.1272381 0.1330349 0.1748977 0.2023182 0.2073908 0.1939375 0.1861446 0.2029091 0.23775 0.2529059 0.2307614 0.2292771 0.2167195 0.2151034 0.2174167 0.2285227 0.229 0.2321279 0.2154051 0.22075 0.2361829 0.2442874 0.2300341 0.2456136 0.2518846
0.08977381 0.08427907 0.08829412 0.08245238 0.08513793 0.09087209 0.09734118 0.08675581 0.08540476 0.08560465 0.08419768 0.08580682 0.08966666 0.08587059 0.08954117 0.09030952 0.082625 0.0894186 0.09003489 0.0935119 0.09058823 0.07056977 0.07067442 0.07188636 0.09224706 0.09244186 0.08990244 0.09334118 0.1097727 0.1415116 0.1632273 0.1416118 0.1311687 0.1022588 0.09947059 0.1272414 0.1324886 0.138 0.1482805 0.1756071 0.1972471 0.2068471 0.2093523 0.1916136 0.1873864 0.2086625 0.2329756 0.2144253 0.2159659 0.2200909 0.2193809 0.2047386 0.1761098 0.18 0.2099205 0.2217955 0.2158068 0.2376543 0.2350114 0.2372469 0.24125
0.0894186 0.07955173 0.08627907 0.0859881 0.08882759 0.09361176 0.093625 0.08160714 0.08361176 0.09526744 0.09144706 0.08466279 0.08616092 0.08582759 0.08721428 0.09389655 0.09338095 0.09156977 0.09023256 0.09190909 0.0822 0.07356977 0.07015663 0.06980233 0.09934524 0.1162955 0.1205 0.1117529 0.1095176 0.1023133 0.1206706 0.122023 0.1233721 0.09845454 0.07523864 0.09772839 0.1367059 0.1374941 0.1280357 0.1561591 0.1766136 0.1988864 0.2132143 0.2122143 0.2022381 0.2066782 0.2100235 0.2064432 0.2340341 0.2445455 0.2433294 0.2182763 0.1613448 0.1674432 0.1977614 0.2024659 0.2261023 0.2382614 0.2351622 0.2374286 0.2405114
0.08738372 0.08790698 0.08948235 0.09169768 0.07605814 0.08874118 0.09532184 0.08477011 0.08174419 0.09661177 0.09361176 0.0907093 0.09548235 0.09314942 0.08803448 0.0821954 0.0974 0.09595349 0.08610714 0.0825 0.08403529 0.07593182 0.08026437 0.07158139 0.1384 0.1428706 0.1443605 0.1498 0.09918182 0.1018276 0.08982759 0.0967907 0.1001446 0.1025412 0.1052941 0.1001512 0.1132614 0.1266364 0.1313256 0.1518941 0.1573882 0.1501647 0.1472195 0.1605909 0.165 0.1865682 0.1868929 0.1924432 0.1908452 0.2020602 0.1971395 0.1890116 0.187814 0.1888977 0.2012159 0.2094886 0.2178977 0.2240494 0.2314286 0.23755 0.2246667
0.08933721 0.0804023 0.08081176 0.07555173 0.08563954 0.08605953 0.0885977 0.09339535 0.1000682 0.09818605 0.09716279 0.09246512 0.09738824 0.089 0.09465882 0.095 0.09860919 0.08877273 0.08374117 0.06710465 0.07781176 0.08530232 0.09054762 0.09363636 0.091375 0.1453605 0.1324545 0.1329036 0.1054302 0.08496512 0.09179518 0.08530682 0.08890805 0.09877011 0.09128409 0.09431034 0.11225 0.1105059 0.1301882 0.1376667 0.1335114 0.1232841 0.1095349 0.1562184 0.1503523 0.1412326 0.1722706 0.1511519 0.1825977 0.1617841 0.1889886 0.1801364 0.1822651 0.1925796 0.1881591 0.1819881 0.1868889 0.2122841 0.2254432 0.24175 0.2227901
0.09457471 0.07760465 0.084 0.09460227 0.09195294 0.1041047 0.08563954 0.0962353 0.09563218 0.09215294 0.09540909 0.101814 0.08573256 0.08496512 0.09208235 0.09351724 0.09309638 0.08505747 0.07656977 0.07085227 0.07613793 0.08237209 0.08478161 0.08934524 0.08581395 0.09235714 0.1015287 0.1043448 0.08442529 0.08589773 0.08488372 0.08438372 0.08393104 0.08566265 0.09297647 0.1047326 0.117593 0.1292045 0.1327045 0.1207765 0.1303409 0.1214091 0.1200698 0.1780247 0.1835412 0.2086744 0.1665682 0.1606353 0.1545114 0.1574205 0.1552386 0.1594091 0.1815747 0.17615 0.1849759 0.1951163 0.2171023 0.2213409 0.214875 0.2165568 0.2240114
0.09339081 0.08168235 0.08634483 0.08690909 0.09856977 0.08621839 0.08028235 0.08850588 0.09520689 0.08744706 0.09614942 0.1036395 0.09495454 0.05983908 0.08126437 0.08011765 0.06624138 0.07915294 0.09818391 0.08837647 0.08178161 0.07924706 0.08731818 0.08066667 0.09842046 0.1037882 0.1195 0.1235862 0.08501191 0.08035632 0.08637349 0.09332955 0.09570455 0.09864706 0.1002386 0.1164205 0.1150941 0.1094483 0.1256163 0.1541882 0.1509643 0.1500471 0.1601591 0.1801294 0.1726667 0.1711818 0.1435909 0.1443864 0.1509286 0.1486818 0.1582442 0.1589881 0.1610471 0.1687831 0.1689765 0.1724773 0.1833523 0.2013636 0.2116023 0.2095341 0.2226818
0.1021882 0.1102442 0.1022874 0.08785883 0.09363218 0.09753409 0.09283721 0.09712644 0.1013765 0.09068605 0.09532184 0.09181176 0.07567816 0.08543529 0.09782954 0.09006897 0.09823864 0.09750575 0.0962069 0.08885882 0.08508046 0.09132941 0.0901954 0.09722619 0.09995402 0.1107471 0.08918605 0.07754546 0.08890697 0.07605682 0.07720455 0.08530588 0.0960115 0.1002471 0.09191765 0.1042791 0.1114419 0.1080471 0.1184205 0.1495455 0.1743882 0.1735909 0.1749318 0.1720795 0.1638118 0.1386818 0.151069 0.1408235 0.1476585 0.1383571 0.1389655 0.128625 0.1480568 0.1565341 0.159 0.1588977 0.1379886 0.1601023 0.1821136 0.1850455 0.1913182
0.08998851 0.0887093 0.09068182 0.08769412 0.088 0.08661628 0.08555172 0.1008295 0.09344186 0.09056818 0.09047059 0.08602326 0.08549425 0.09287059 0.09448276 0.09713095 0.09704598 0.1 0.09752273 0.09410465 0.09286363 0.09618605 0.090125 0.09456977 0.08686207 0.1026897 0.08977647 0.07618391 0.08366667 0.09275862 0.0922069 0.09828235 0.1065909 0.1012841 0.09940698 0.09835228 0.106625 0.1091059 0.09097727 0.09507955 0.1082235 0.1456744 0.1533837 0.1609425 0.1516585 0.1501279 0.1432644 0.1303977 0.1265682 0.1228571 0.1297386 0.1297386 0.1283409 0.1302273 0.1476818 0.1507439 0.1477841 0.1470454 0.1614432 0.1755909 0.1737701
0.09780233 0.09531035 0.08902325 0.08788372 0.08753409 0.08723256 0.08366667 0.09321591 0.09754651 0.09294318 0.09078161 0.08835227 0.08451163 0.07986207 0.08186047 0.08410465 0.08254545 0.09108333 0.09381818 0.09498823 0.09321839 0.09664368 0.09676744 0.08725 0.09632558 0.09606818 0.09531395 0.1038295 0.09070455 0.08848837 0.1075795 0.1060353 0.1175227 0.1083793 0.1147024 0.09857471 0.106931 0.1023333 0.1022644 0.08009195 0.06594253 0.08503529 0.1093864 0.1049773 0.13775 0.1430706 0.1588864 0.1449432 0.118375 0.1211529 0.1278621 0.1192045 0.1078636 0.1132045 0.1265796 0.1218721 0.1261446 0.1412326 0.1529651 0.1521309 0.1496
0.09482558 0.09073864 0.08356977 0.08875862 0.08968182 0.09601163 0.08803448 0.08801163 0.09432558 0.09289773 0.09355814 0.08590805 0.08756322 0.08414773 0.08563218 0.07922728 0.08103448 0.07635228 0.08188372 0.07920454 0.07840697 0.07314773 0.07696429 0.07584091 0.08003529 0.09425288 0.08381395 0.0902907 0.09271591 0.0987619 0.1010795 0.09873563 0.09894186 0.1020227 0.09628735 0.09328736 0.09282955 0.1066591 0.1022442 0.09938636 0.07859091 0.0887647 0.1123295 0.09061363 0.09643182 0.1221667 0.1143409 0.1218523 0.1195568 0.1305682 0.1342805 0.1329195 0.1290115 0.1182299 0.1125349 0.1078161 0.122759 0.134759 0.1430114 0.1467386 0.1564545
0.1012727 0.09146591 0.09465116 0.09101149 0.08790804 0.08763953 0.0905 0.08473255 0.08181609 0.08097702 0.081 0.07984091 0.08372093 0.09032954 0.08161628 0.08309091 0.07619768 0.07541379 0.0781954 0.07453409 0.07882558 0.08465909 0.09412643 0.09043182 0.08805747 0.07813636 0.07722727 0.08455172 0.09027272 0.09204598 0.1031705 0.1095455 0.1005465 0.09828409 0.09621591 0.09569047 0.09689773 0.1092386 0.1086429 0.1071705 0.08742046 0.109814 0.09372941 0.08715909 0.09617241 0.09831034 0.09966667 0.1202299 0.1027955 0.1174483 0.1291628 0.1159059 0.12475 0.1221477 0.1183409 0.1190114 0.1135568 0.1213333 0.1334405 0.1457046 0.1503864
0.093375 0.09124138 0.08478409 0.08714773 0.08405814 0.08577907 0.09252809 0.09067442 0.08528409 0.09003489 0.08493182 0.0865977 0.08236047 0.07815909 0.08340698 0.08432584 0.07812791 0.07043182 0.07963953 0.08001136 0.09432558 0.09409091 0.09552874 0.09548864 0.09566667 0.09624419 0.09155682 0.09068235 0.1011364 0.08509302 0.09389655 0.09780682 0.08531765 0.09159091 0.09022728 0.08862353 0.0995 0.1009432 0.1002674 0.1066092 0.1079091 0.08396591 0.081 0.09676136 0.08976136 0.09378409 0.1093333 0.09785227 0.1074659 0.1127727 0.1257273 0.1230602 0.1279545 0.1275568 0.1220682 0.1222045 0.1208977 0.1290455 0.1390357 0.1455238 0.1519773
0.07853409 0.09472093 0.09283908 0.09868181 0.09148276 0.08410227 0.0873908 0.08762069 0.09060227 0.09250575 0.09427273 0.09881609 0.09929885 0.08781818 0.08314943 0.07176136 0.05413954 0.04556818 0.04513954 0.06538636 0.0767931 0.09495454 0.0941954 0.09628735 0.09131818 0.09068965 0.09292045 0.0902907 0.09792046 0.09948864 0.1042791 0.1040909 0.09226437 0.08733334 0.0945 0.09486207 0.09524138 0.08798864 0.07589773 0.07816279 0.08626136 0.09655682 0.09109303 0.1012759 0.1380341 0.1543864 0.1715402 0.1507765 0.153875 0.1412046 0.1248864 0.1403409 0.1399277 0.1321818 0.1279432 0.1199432 0.1161705 0.1222273 0.1277386 0.130619 0.1381325
0.08122989 0.09513793 0.08686207 0.08843182 0.1060116 0.08912359 0.08332558 0.08614942 0.09155682 0.088 0.08823863 0.09895402 0.092375 0.08622093 0.08384091 0.08435632 0.05825 0.04455172 0.04555682 0.08043678 0.08628409 0.08896512 0.09821349 0.09415116 0.09588764 0.0896 0.09733708 0.08103448 0.08794318 0.09780682 0.0935 0.1029545 0.08283146 0.08846512 0.08332954 0.08221348 0.08677647 0.07957304 0.08162922 0.07878572 0.08306742 0.08595505 0.100809 0.1082706 0.1528427 0.1705056 0.163573 0.146 0.1380899 0.129191 0.1414091 0.1568864 0.1574941 0.1541744 0.138375 0.12775 0.1292614 0.1470227 0.1538068 0.1524205 0.1580824
0.08439773 0.08744828 0.0914045 0.09298851 0.09067816 0.08708989 0.08863218 0.08892045 0.09337931 0.09147126 0.09488764 0.09246512 0.09250562 0.08936781 0.09035955 0.08937209 0.0637191 0.04573563 0.04539326 0.09315116 0.09537078 0.08909196 0.0828427 0.08301163 0.08135955 0.07148276 0.06530682 0.06875281 0.07988372 0.09017046 0.09661628 0.1091023 0.09661364 0.0812 0.08189773 0.08789773 0.08334117 0.07901137 0.09402273 0.1079655 0.105093 0.09911364 0.1228977 0.1223529 0.1055455 0.1183295 0.1461705 0.1461034 0.1482235 0.1655909 0.1626444 0.1689663 0.1658889 0.1641786 0.1551556 0.1445824 0.1366705 0.1511136 0.171125 0.1802955 0.17475
0.08352873 0.07827586 0.07977528 0.08793104 0.09231818 0.08727586 0.09264772 0.09708989 0.1069425 0.09929214 0.1000345 0.09355173 0.09223595 0.08316279 0.08168539 0.07851163 0.06114607 0.05141379 0.04603409 0.07438372 0.079125 0.06856976 0.05842045 0.07962791 0.08120455 0.082 0.06695402 0.07244318 0.08488372 0.09380899 0.1067528 0.1278837 0.1016067 0.09625 0.08465909 0.07932584 0.07946591 0.08361363 0.08449438 0.1085889 0.1282558 0.1416932 0.1368977 0.1169318 0.1208824 0.1413409 0.1498864 0.153875 0.1547619 0.1563977 0.1577955 0.16125 0.1674545 0.1673068 0.1617683 0.1585454 0.1624725 0.1760549 0.1756196 0.1782472 0.1816932
0.0877931 0.08992135 0.08683908 0.08454546 0.08119101 0.08303449 0.08813793 0.0901573 0.09935632 0.09294382 0.1022988 0.099375 0.1028851 0.08363219 0.08101136 0.08488506 0.06871591 0.05054651 0.04286517 0.05090909 0.07260674 0.07141379 0.07041573 0.08306666 0.0861954 0.09333708 0.08755172 0.07355056 0.07186364 0.08593182 0.09854545 0.1141163 0.09418182 0.07242046 0.07115116 0.07376137 0.07811364 0.09258824 0.09120455 0.09368182 0.08975581 0.1203222 0.1355444 0.1447444 0.1458837 0.1458022 0.1495795 0.1523409 0.1513333 0.1505357 0.1516591 0.1546023 0.1626818 0.1681364 0.1681163 0.1662857 0.1654659 0.1741023 0.1785909 0.1848261 0.1854575
0.08876137 0.08348314 0.09450575 0.09080682 0.08982022 0.07917241 0.07803409 0.07722989 0.08702299 0.1005 0.09575 0.09413483 0.09052873 0.08077528 0.080875 0.08327273 0.06193182 0.05055056 0.0605 0.05055056 0.05111364 0.08302222 0.09033721 0.09173863 0.09765116 0.08628409 0.09393023 0.09154546 0.08152273 0.07305814 0.08203334 0.08371264 0.08370786 0.06612222 0.07542529 0.08402222 0.08383334 0.08813953 0.09025 0.09044318 0.08113636 0.1048118 0.1427841 0.1473523 0.1453563 0.1458 0.1474778 0.1486484 0.1427253 0.1489425 0.1541477 0.1502386 0.1527159 0.1617159 0.1721477 0.1716667 0.1719535 0.1739545 0.179375 0.1909886 0.1994318
0.08333708 0.08730682 0.09194318 0.08703409 0.07909195 0.07535632 0.07355556 0.07171264 0.07921591 0.08760674 0.08837931 0.08801111 0.0785977 0.06866667 0.07144827 0.08243334 0.05544318 0.07219318 0.08365517 0.06723864 0.07309303 0.07919318 0.08211364 0.08691011 0.09273864 0.08723333 0.08608989 0.08322472 0.08548889 0.08843678 0.08520455 0.08086364 0.0693721 0.06690909 0.07806896 0.08628736 0.08440449 0.08139326 0.09888506 0.1145934 0.1177582 0.1343372 0.1392614 0.1430795 0.1399205 0.1433059 0.1451136 0.1470682 0.1434205 0.1468652 0.1517558 0.1514839 0.1529341 0.1495341 0.1488068 0.1678636 0.1765122 0.1904598 0.1989659 0.2050795 0.2073182
0.09517977 0.091 0.08626436 0.08578889 0.08488506 0.08003409 0.07596629 0.07204545 0.07953333 0.07833333 0.08717977 0.08602247 0.0801954 0.06819101 0.06934483 0.08194318 0.07059302 0.08160674 0.07777011 0.07543334 0.085375 0.07961111 0.08829885 0.09522222 0.08826437 0.09055682 0.08210228 0.07976744 0.07285228 0.07861628 0.08317778 0.08125556 0.08015909 0.08222222 0.07582418 0.08402353 0.08582955 0.085125 0.09198837 0.1018636 0.1246591 0.135375 0.1383258 0.1409341 0.1385761 0.1383954 0.1407791 0.1446705 0.1445 0.1470227 0.1495882 0.1531046 0.1581461 0.1641277 0.168163 0.1650227 0.1751477 0.1824197 0.1965341 0.2075 0.211125
0.09352809 0.08921591 0.0922069 0.08388889 0.08332954 0.078 0.07552273 0.08376136 0.07641111 0.07739773 0.07640909 0.07581609 0.07304598 0.07532584 0.07604545 0.08328889 0.09168182 0.08621111 0.08128409 0.08195555 0.09032184 0.07769318 0.08652873 0.09096591 0.087 0.08706819 0.08151111 0.08150575 0.07283516 0.08568889 0.07711494 0.07652273 0.07555814 0.074375 0.07220455 0.07621591 0.07386813 0.07324176 0.07665909 0.07428409 0.08192045 0.1048523 0.1210824 0.1289886 0.1352045 0.1368804 0.1378966 0.13875 0.1374091 0.139875 0.1469432 0.1503374 0.1541818 0.1635 0.1658989 0.1681368 0.1693736 0.1786932 0.1840875 0.1924091 0.1999773
0.09575281 0.09619318 0.09594444 0.089375 0.09211364 0.08454444 0.08045454 0.08607955 0.06922727 0.08060919 0.07681111 0.07434091 0.07412222 0.07640909 0.07614607 0.086 0.08366292 0.08830682 0.08695402 0.09034091 0.09052809 0.08164045 0.08145556 0.08547727 0.08367033 0.07970455 0.08206818 0.08863954 0.08380682 0.08332584 0.08471265 0.07287912 0.07123333 0.0748427 0.07145455 0.06555172 0.07256977 0.07527272 0.07186364 0.06838636 0.06890217 0.07802174 0.0962 0.1009091 0.1045114 0.1189091 0.1271494 0.131069 0.1310215 0.1382796 0.1361818 0.1394253 0.1490952 0.154 0.1532955 0.1574432 0.1672581 0.1735319 0.1736477 0.1848 0.1924943
0.1103523 0.1050227 0.1089333 0.1065114 0.1040787 0.09441111 0.09551136 0.083 0.07289772 0.07679545 0.07572223 0.07805682 0.07632967 0.07512644 0.07596629 0.07822093 0.07481818 0.07505618 0.08563333 0.08943181 0.08054444 0.072875 0.07480899 0.08187357 0.07642046 0.07683721 0.0869011 0.09371429 0.07759091 0.07746154 0.07946511 0.07148863 0.07480682 0.07584884 0.07230769 0.07273626 0.07770786 0.0816 0.06785227 0.07255294 0.07401136 0.08718182 0.1065109 0.1155618 0.1181868 0.1182045 0.1169205 0.1222262 0.1263523 0.1276136 0.1228191 0.1316559 0.1404524 0.1444713 0.147125 0.1525227 0.1616477 0.1674176 0.1724583 0.1785909 0.1802716
0.1201798 0.1240112 0.1203371 0.1342809 0.1243371 0.1197701 0.1022809 0.0909 0.08584091 0.07532223 0.07512359 0.081375 0.08433708 0.08183908 0.0783 0.07446591 0.07486814 0.071 0.07126374 0.07615909 0.09064773 0.08517241 0.07632222 0.08407955 0.07769231 0.07992222 0.08106818 0.08394318 0.06812644 0.06877273 0.08304445 0.07511111 0.06890217 0.06764368 0.07356818 0.08118182 0.07189535 0.07583334 0.07961956 0.07948913 0.09165517 0.09925 0.09705682 0.1057262 0.1152667 0.1158387 0.1085978 0.1081628 0.1058023 0.1038068 0.1035682 0.1155667 0.1203438 0.1385357 0.1440341 0.1551477 0.164125 0.1696932 0.169044 0.175875 0.1773523
0.1421124 0.1426593 0.1135 0.1315287 0.1226556 0.1150795 0.1029432 0.09515385 0.08842046 0.07131868 0.06957471 0.08306818 0.0808764 0.08321349 0.07644445 0.07077528 0.0725055 0.0721954 0.07113636 0.06911363 0.09297802 0.09521591 0.07957143 0.08451685 0.07139081 0.07557955 0.09648864 0.08555435 0.07356818 0.06907608 0.07125 0.07730588 0.07321591 0.07446667 0.08651111 0.08666304 0.07419318 0.06994186 0.06906818 0.06579545 0.08059551 0.09446236 0.09402222 0.09809091 0.1098235 0.1053068 0.09516667 0.09520213 0.09549426 0.09345455 0.09498864 0.1046932 0.1058295 0.1201398 0.1231932 0.1282955 0.1426705 0.1549091 0.1683636 0.1743441 0.179383
